# Mie calculation for size distribution with 10 micron effective radius;
# columns:
#  1. wavelength [nm]
#  2. extinction coefficient / LWC   [km-1 / (g/m3)]
#  3. single scattering albedo omega0
#  4. asymmetry parameter g
#  5. delta-scaling factor f
# (monochromatic calculations for center wavelength; 
#  sizedist.dat: ./gamma 5 3)
#
  213.910  1.537265e+02 9.999875e-01 8.597046e-01 7.854846e-01
  251.580  1.541541e+02 9.999937e-01 8.672388e-01 7.953729e-01
  287.770  1.545471e+02 9.999953e-01 8.701375e-01 7.994578e-01
  314.960  1.548329e+02 9.999967e-01 8.714570e-01 8.014325e-01
  377.360  1.554583e+02 9.999989e-01 8.724978e-01 8.033682e-01
  529.800  1.568799e+02 9.999994e-01 8.709034e-01 8.025909e-01
  714.290  1.584515e+02 9.999936e-01 8.670370e-01 7.988348e-01
  769.230  1.589212e+02 9.999868e-01 8.656734e-01 7.974848e-01
  879.120  1.597496e+02 9.999549e-01 8.634294e-01 7.950514e-01
 1250.000  1.625105e+02 9.987385e-01 8.559441e-01 7.869998e-01
 1785.720  1.662659e+02 9.912434e-01 8.485725e-01 7.788187e-01
 2020.200  1.679127e+02 9.219027e-01 8.595350e-01 7.874734e-01
 2352.940  1.707598e+02 9.781010e-01 8.509067e-01 7.795712e-01
 2816.900  1.503858e+02 5.481046e-01 9.862103e-01 9.645662e-01
 3448.270  1.743352e+02 6.217639e-01 8.714142e-01 7.941189e-01
 4444.440  1.832332e+02 6.604922e-01 8.669542e-01 7.716811e-01
 5882.350  1.935725e+02 6.094958e-01 9.103440e-01 8.162745e-01
 7339.450  2.024875e+02 6.577584e-01 8.864209e-01 7.729383e-01
 7843.140  2.051811e+02 6.807442e-01 8.835021e-01 7.660505e-01
 8333.340  2.090607e+02 7.419715e-01 8.810577e-01 7.609382e-01
 9280.740  1.939549e+02 7.190648e-01 9.023429e-01 7.888587e-01
11111.100  1.418741e+02 3.964081e-01 9.032236e-01 7.948477e-01
12738.900  1.839802e+02 4.568972e-01 8.546452e-01 7.236326e-01
14084.500  2.004684e+02 4.952756e-01 8.277333e-01 6.719126e-01
15625.000  2.120890e+02 5.874739e-01 7.967500e-01 6.131637e-01
17543.900  2.133960e+02 6.686729e-01 7.750477e-01 5.753156e-01
21505.400  1.895351e+02 8.394886e-01 7.454356e-01 5.297070e-01
30769.199  7.737133e+01 5.827986e-01 7.216575e-01 4.639024e-01
76923.102  7.448805e+01 4.348607e-01 3.638118e-01 1.467620e-01
